2903733121 1 7685
1816118394 5 7687
861940148 1 7687
1175143532 2 7687
1725353544 1 7685
2364261262 1 7687
1094054222 2 7700
2801511863 1 7685
2652088766 1 7687
3507139395 1 7685
759997057 4 7686
2451420170 1 7700
804559276 1 7686
1298914072 1 7686
707349985 1 7699
1010614607 1 7686
414980426 1 7686
1048275447 1 7687
55991742 1 7687
780768723 1 7686
2017604293 1 7686
672984128 1 7687
2495867632 1 7687
2051261534 1 7687
2315672031 2 7687
1104247794 1 7700
1298653165 2 7687
2966286680 6 7687
382357691 1 7687
724241779 1 7687
906229555 1 7687
530606592 1 7699
351652632 1 7700
1390350081 2 7687
594422141 1 7687
957591095 1 7700
1548363105 1 7700
1160386205 1 8083
