1094054222 1 7687
519194600 1 7687
737485527 1 7700
3303651853 1 7687
2723525289 3 7686
2307596647 1 7700
1060436365 1 7687
652847361 1 7687
995167470 1 7687
3475008814 1 7687
609453428 2 7687
3311712519 1 7685
927197681 1 7687
1535080215 1 7685
991290558 2 7686
847584053 1 7686
2420381658 1 7700
1746899747 1 7687
3239481756 1 7700
1765889469 1 7687
332741951 1 7686
1655929318 1 7700
2957993579 1 7687
1378022429 1 7687
2606127708 1 7686
857951251 1 7687
2099985126 1 7686
3255237494 2 7687
565684627 1 7686
3306973917 1 7700
3238720638 1 7687
940925705 1 7687
1973247057 1 7687
1056527985 1 7687
583392080 1 7687
1176652317 1 7687
1830894854 1 7687
1033582032 1 7700
